20000 pieces; 12, 12, 3, 1, 1, 1

0 0 0 0
0 1 2 0
0 2 1 0
0 0 0 0

1 3 1 2 2 1 2 1 1 2 24 2 2 1 1 1 2 2 2 3
2 3 1 3 1 2 1 2 2 1 1 2 1 2 1 2 1 1 2 2
3 2 1 12 1 12 2 2 1 2 1 2 1 1 2 2 1 12 1 3
1 1 2 1 2 2 1 1 2 2 2 6 2 1 1 2 1 1 1 2
1 2 2 2 2 1 2 1 1 2 2 1 2 1 1 1 2 24 1 12
2 1 2 1 1 3 2 2 1 12 2 2 1 2 2 3 1 1 2 2
1 2 1 2 24 1 2 6 1 2 3 1 1 1 2 24 1 3 2 1
12 2 3 2 2 1 6 3 1 2 2 1 1 1 1 2 3 2 12 1
12 12 3 1 3 2 2 6 1 1 2 1 2 3 1 2 1 3 2 3
2 2 2 1 2 1 1 1 1 2 2 1 2 1 1 2 1 2 2 2
1 3 1 2 2 2 1 2 1 2 24 1 1 2 12 2 1 1 1 2
1 2 2 2 3 1 2 1 1 1 2 2 3 2 1 2 24 1 1 3
1 2 2 1 1 1 2 1 2 1 2 2 2 1 1 24 1 2 1 2
1 2 24 12 1 3 12 2 2 2 1 1 1 3 2 1 2 2 2 2
1 2 24 1 1 1 2 2 3 2 1 2 1 1 1 2 24 2 2 1
2 1 3 12 1 2 2 1 2 3 1 3 2 1 1 3 2 2 1 1
2 2 1 6 24 1 2 3 1 2 2 6 1 2 1 1 1 1 2 1
2 2 2 2 1 2 1 12 2 1 24 2 1 1 2 1 2 1 2 1
1 2 2 3 2 1 1 1 1 2 1 2 1 3 2 2 2 1 2 2
1 1 2 1 3 1 2 1 1 2 1 2 1 12 2 12 2 2 6 2
3 3 1 1 6 2 2 1 2 1 1 1 2 2 1 2 24 1 12 1
1 3 2 1 2 2 3 3 2 6 3 1 1 6 2 2 1 12 1 1
2 2 12 1 2 2 6 3 1 1 1 2 1 2 1 2 1 2 1 2
3 3 2 2 1 1 2 3 12 1 2 1 2 2 1 2 1 2 2 1
1 2 1 6 2 1 1 1 2 1 24 3 2 1 2 2 1 1 3 3
2 2 2 1 2 2 1 1 1 1 2 1 2 3 2 1 2 1 3 2
1 2 2 2 1 1 2 3 1 2 3 2 1 1 3 1 2 2 24 2
1 12 1 1 1 2 1 2 1 3 2 1 2 2 2 1 2 1 2 2
1 3 1 2 24 1 2 2 3 1 2 1 1 2 2 1 1 1 3 1
2 2 1 1 2 2 1 3 1 2 2 2 1 1 2 2 12 1 1 1
2 3 1 6 2 1 12 2 3 1 2 2 1 2 3 1 1 2 2 2
1 2 2 1 2 1 1 3 1 1 2 2 1 1 2 12 12 12 2 1
3 1 12 2 1 2 3 2 24 2 1 2 1 3 2 2 6 1 1 1
2 3 1 2 1 1 24 2 2 1 1 2 2 2 2 1 1 2 2 1
2 1 2 1 1 2 24 2 3 1 3 1 2 2 1 1 1 2 1 1
2 1 2 2 3 1 2 1 6 6 24 2 1 2 2 3 1 1 1 2
1 2 24 1 2 1 2 1 2 2 2 2 1 1 24 1 2 1 1 2
1 2 1 2 2 1 2 3 1 1 12 2 24 24 2 1 2 1 1 2
1 2 6 1 2 24 12 2 1 2 1 2 3 1 2 3 2 2 1 3
2 3 1 2 1 2 1 24 1 1 1 2 1 2 2 2 2 1 1 2
1 1 1 2 2 2 2 1 1 2 1 2 2 3 1 2 3 24 1 2
1 1 12 1 2 1 1 2 1 2 2 1 1 2 6 1 2 1 12 2
1 2 2 6 2 2 1 3 1 2 1 1 2 3 1 3 1 6 2 3
2 1 2 1 2 2 2 24 1 3 2 3 1 1 2 3 2 1 2 1
1 2 1 2 6 12 2 1 1 1 2 6 2 2 3 1 1 2 1 2
2 1 1 3 1 1 3 2 1 2 1 2 2 3 3 2 2 1 1 2
1 2 1 2 1 3 2 2 3 1 2 1 1 1 2 2 1 2 2 1
1 2 1 2 2 1 1 2 2 6 3 1 1 2 24 2 1 1 3 1
2 1 2 2 24 1 2 12 2 1 1 24 2 3 3 24 2 1 1 2
2 1 1 1 1 2 1 2 1 2 3 1 2 2 6 1 24 12 1 2
2 3 2 1 1 1 2 2 2 2 1 2 1 2 1 2 1 2 1 2
1 3 1 3 3 1 2 1 1 2 1 2 1 2 12 2 2 2 1 2
1 3 3 2 1 2 1 1 6 2 1 1 1 2 1 2 6 2 2 2
1 3 1 2 1 2 2 24 1 24 1 1 2 1 3 1 2 2 24 2
1 2 1 2 1 12 2 2 3 1 3 2 6 1 1 1 12 1 2 2
3 2 1 1 2 2 1 2 2 1 2 3 1 1 1 1 2 2 2 2
1 2 1 3 1 12 2 1 2 2 1 3 2 1 1 2 3 2 1 6
2 1 2 24 1 2 1 1 2 3 24 1 1 1 3 2 12 1 2 12
1 2 2 1 3 1 2 2 1 1 2 2 2 24 1 1 1 2 1 2
3 2 1 12 1 2 1 2 1 2 1 2 3 6 2 2 2 1 1 3
2 1 1 2 3 1 2 2 1 1 1 2 1 2 2 1 3 2 1 1
2 3 1 6 2 1 2 2 2 6 2 1 2 12 1 1 1 2 1 2
3 1 1 2 6 2 2 1 1 1 2 1 2 1 2 1 3 2 1 2
12 2 2 3 2 1 2 1 1 1 6 1 2 2 24 1 1 2 2 2
1 2 1 1 2 2 2 1 1 1 3 3 2 3 3 3 1 2 1 2
2 1 1 1 2 3 1 12 2 3 1 2 2 2 24 1 1 1 2 1
6 2 2 1 1 2 1 3 24 2 2 1 1 2 6 2 1 1 2 2
2 12 2 1 2 12 1 1 6 12 1 2 1 2 1 3 2 2 2 3
1 2 1 2 1 2 1 1 2 3 1 3 2 1 1 1 2 2 2 1
3 1 6 1 6 2 1 2 1 2 1 2 3 2 1 1 2 2 1 1
2 12 2 3 2 1 2 2 6 1 3 3 2 3 3 1 1 1 24 2
1 1 2 1 2 1 2 2 2 6 1 1 2 1 1 2 2 2 2 1
1 2 2 1 2 1 3 1 2 1 2 24 6 2 1 1 2 2 1 2
1 2 1 1 2 1 1 1 2 1 2 12 1 12 2 1 2 2 2 3
24 1 1 2 2 2 12 3 1 2 3 1 2 1 1 3 12 1 1 2
24 2 3 1 2 2 1 1 2 2 1 1 1 2 1 2 2 1 24 1
2 1 2 3 2 1 3 1 3 2 1 3 2 2 3 24 2 1 3 3
2 2 1 2 1 1 1 2 12 2 2 1 1 12 3 2 2 12 1 3
1 2 1 3 2 2 1 2 1 2 1 3 2 1 1 1 1 12 2 1
2 1 12 3 24 2 1 2 1 2 2 1 1 2 12 1 2 2 1 1
2 2 1 1 2 2 1 1 2 1 2 1 2 2 2 2 1 1 1 1
2 1 2 1 6 2 24 12 2 2 2 1 3 1 1 2 24 1 1 2
3 2 2 1 1 2 2 2 1 2 1 24 1 1 2 2 2 1 3 2
3 12 1 2 1 1 2 1 2 1 1 1 2 1 2 1 3 2 1 2
2 1 2 1 1 2 2 12 2 2 1 2 1 2 3 1 1 1 1 2
1 2 2 1 2 1 1 2 2 2 2 1 1 2 1 3 3 1 2 1
1 2 2 2 1 2 1 12 2 1 24 1 2 1 2 1 2 2 1 2
2 1 2 6 1 6 1 2 2 1 1 2 1 1 1 2 1 2 1 2
1 2 1 2 1 2 1 2 2 12 6 24 2 2 1 1 24 1 2 2
1 2 2 3 1 1 6 2 2 3 1 1 1 1 2 24 2 1 1 2
1 2 1 2 1 2 2 1 2 3 1 1 2 3 2 2 1 3 2 1
1 1 2 2 3 1 2 24 1 1 2 1 2 2 1 2 1 1 2 1
6 2 6 1 2 1 2 12 1 2 3 6 2 2 1 1 2 6 2 1
1 1 2 1 2 2 2 1 1 2 1 24 2 2 3 2 1 6 1 2
1 2 2 1 2 24 1 2 1 2 3 1 1 1 1 2 6 2 2 2
1 6 2 1 1 1 1 3 2 1 2 2 2 2 1 1 1 3 2 1
3 2 12 12 2 1 1 2 1 2 2 1 2 1 24 3 2 24 1 1
1 2 1 2 2 2 1 2 1 3 2 1 1 1 2 24 1 2 2 1
2 2 12 2 1 2 1 2 24 1 1 2 1 1 2 2 3 2 1 24
6 1 12 1 2 1 2 3 1 2 2 2 3 1 1 2 1 1 3 2
1 24 2 24 2 2 6 1 1 1 2 1 2 2 3 1 1 24 2 2
6 3 12 2 1 1 1 2 1 1 2 1 2 1 2 2 2 1 1 1
24 2 1 2 1 2 2 2 1 12 2 2 1 6 1 1 24 3 3 2
2 2 1 2 1 2 1 1 6 2 2 1 3 2 1 1 2 3 2 1
1 2 1 1 2 3 2 2 1 2 1 3 2 1 1 3 1 1 2 1
2 6 1 2 2 6 2 1 1 24 1 2 1 2 2 2 1 1 3 1
2 2 2 1 1 1 2 2 3 3 2 2 1 2 3 1 3 2 1 12
1 2 1 2 3 2 1 1 1 1 3 2 2 1 2 1 2 1 1 2
3 1 3 12 2 3 2 24 1 2 2 1 1 12 1 2 2 24 2 2
1 2 1 2 1 24 2 3 1 1 12 2 2 1 2 1 3 2 1 2
1 1 2 2 1 3 2 1 2 1 2 24 12 1 2 1 1 3 1 2
6 2 1 2 1 3 1 2 2 2 1 1 2 1 2 2 1 2 1 1
1 2 2 2 12 1 1 1 2 1 2 24 6 1 2 2 2 1 2 6
1 1 12 2 2 1 24 24 2 1 2 1 1 1 2 1 1 2 2 1
24 1 2 3 1 2 2 2 2 1 2 1 1 1 1 2 2 1 2 2
3 2 1 1 2 1 24 2 2 3 1 1 3 2 1 3 2 2 1 2
3 1 12 24 3 1 1 6 2 2 1 2 12 6 1 1 1 2 24 2
2 1 2 2 1 2 1 1 2 3 1 3 3 1 1 2 3 1 3 2
1 2 2 6 2 1 1 1 2 3 1 2 1 2 1 2 1 2 1 2
2 1 2 2 1 1 2 12 2 2 1 2 1 2 1 2 1 3 1 6
1 2 24 2 2 1 2 1 1 1 1 3 2 6 3 2 2 2 3 1
2 1 24 1 2 2 1 1 2 3 2 1 3 1 1 1 3 24 2 2
1 12 1 2 1 2 2 1 1 2 2 12 2 2 1 3 24 2 1 1
2 2 24 1 1 1 12 1 2 2 24 2 2 1 24 6 2 1 2 3
1 1 2 2 1 1 2 1 2 1 1 1 2 1 2 24 1 2 1 2
2 1 24 1 2 2 1 2 1 2 3 1 2 1 1 2 2 1 2 6
6 2 3 2 1 2 1 2 1 2 6 1 1 1 1 2 2 1 2 2
1 1 3 1 12 2 2 1 2 1 1 2 1 2 1 2 2 1 1 6
2 1 24 2 1 2 2 2 1 2 1 12 1 1 6 2 2 1 2 1
12 2 2 1 2 12 3 24 1 1 1 2 2 12 1 2 2 1 2 1
3 1 1 2 1 2 1 2 24 1 2 1 2 3 2 1 2 1 2 1
3 12 2 2 1 1 3 1 2 2 3 1 1 2 1 2 1 2 2 2
1 1 24 1 2 12 1 2 2 1 2 6 3 2 1 2 1 1 2 2
3 1 2 1 3 1 1 3 2 2 12 3 2 2 1 1 1 1 3 2
2 1 2 6 2 2 1 2 1 1 2 12 1 1 3 2 2 1 2 2
1 1 1 1 2 2 2 1 1 1 3 2 2 1 2 1 2 2 2 1
1 1 1 2 12 1 2 2 1 1 2 1 2 3 12 1 2 1 3 2
2 1 2 1 1 2 1 2 1 2 2 2 2 1 1 1 1 2 1 6
2 1 6 2 2 2 1 1 2 1 2 2 12 1 2 2 1 24 2 6
12 1 3 2 1 1 1 1 2 1 2 2 3 1 2 2 2 1 1 1
1 2 1 3 2 1 2 6 1 6 2 3 2 3 1 3 2 1 2 1
1 2 1 2 12 3 2 1 1 2 1 12 2 1 2 2 2 3 12 3
1 1 2 1 1 2 2 24 1 6 6 2 2 1 1 1 2 2 1 3
24 1 2 6 2 1 1 2 1 3 2 2 3 2 1 1 1 2 1 6
24 2 12 3 2 3 2 3 1 12 2 3 2 1 1 2 2 12 1 2
1 2 1 1 1 2 3 12 1 1 2 2 3 2 24 1 2 2 1 1
2 1 2 2 1 2 12 1 24 1 6 1 1 2 1 2 2 2 1 2
2 1 1 2 2 1 2 1 2 1 3 6 2 1 2 1 3 1 2 24
2 1 2 1 2 3 1 2 6 1 2 1 6 12 2 1 2 1 2 1
1 2 2 1 1 2 2 12 1 2 1 2 1 1 2 3 2 1 2 1
1 1 2 1 2 1 1 3 2 2 1 1 2 3 3 12 2 2 2 1
2 1 2 24 1 2 3 1 2 1 2 1 1 3 2 2 1 2 1 1
2 3 1 2 2 12 1 2 3 1 2 3 1 2 1 1 1 2 1 1
24 2 2 2 2 1 1 2 2 1 1 2 12 2 1 2 1 6 2 1
1 3 2 2 1 2 1 12 1 1 1 2 2 6 2 1 2 1 2 2
1 1 3 2 2 1 2 1 2 1 2 1 12 12 2 1 2 3 1 2
1 1 1 2 6 2 3 6 6 1 1 6 2 2 2 1 1 2 1 1
2 1 2 2 1 2 2 1 1 12 2 6 2 3 1 1 2 2 3 3
3 1 1 3 3 1 1 2 1 2 2 1 2 1 1 3 3 2 3 2
1 2 1 1 2 2 2 2 1 1 1 1 2 2 1 3 1 2 2 2
2 1 2 1 1 1 2 2 1 1 3 2 1 2 1 2 3 1 1 2
2 2 2 1 1 2 2 1 6 1 2 1 1 1 2 3 3 1 24 2
2 2 6 2 1 1 3 12 1 2 2 2 1 2 1 2 3 1 1 2
1 1 1 2 1 2 1 2 1 2 2 3 2 2 3 1 3 1 1 1
2 3 2 1 3 2 6 2 1 3 12 1 2 2 1 2 2 12 1 2
1 2 1 3 1 1 2 3 1 2 1 1 24 2 2 3 3 1 3 1
2 1 2 2 2 3 1 1 2 1 3 2 2 3 6 2 1 2 1 2
6 6 1 24 2 3 1 2 1 1 2 2 1 1 2 1 2 12 1 2
2 1 2 1 1 12 6 1 3 3 1 2 3 1 2 2 1 1 2 3
1 2 1 12 2 1 2 1 2 1 2 1 2 1 6 2 12 2 1 12
1 2 2 1 3 1 2 3 24 24 2 2 1 1 2 1 12 2 1 1
2 24 1 3 2 1 2 2 1 1 2 1 2 2 1 1 2 2 1 1
2 1 6 2 1 2 3 12 2 3 6 1 1 2 1 2 1 2 1 2
1 2 2 1 2 2 12 3 2 1 1 1 2 1 1 2 1 2 2 12
24 1 3 1 2 3 1 2 2 1 1 2 2 2 2 1 1 1 3 12
3 3 2 3 12 1 2 2 2 1 2 1 1 2 1 1 3 2 1 1
2 2 2 1 1 2 2 12 2 6 12 1 2 1 2 1 1 2 1 1
3 1 2 2 2 1 2 3 1 2 2 6 1 1 1 1 12 3 24 2
2 2 6 1 2 3 1 1 1 2 2 1 2 2 2 1 2 3 24 1
2 1 24 2 1 2 3 3 3 1 2 3 1 1 3 1 2 2 2 1
2 1 24 2 1 2 1 2 1 2 1 3 1 3 2 12 1 12 24 2
1 1 2 1 1 2 2 1 2 1 1 3 2 2 1 1 2 2 1 2
1 1 3 2 1 2 2 3 3 2 3 2 1 2 1 3 2 12 1 1
2 12 6 2 1 2 1 1 2 1 2 12 2 1 3 1 1 2 1 2
2 1 2 3 1 3 2 1 2 1 1 2 2 2 1 1 1 2 3 6
2 1 2 2 1 1 3 1 2 2 1 2 1 2 2 1 1 2 1 6
1 1 2 3 1 2 1 2 1 2 1 2 6 1 2 2 2 3 12 2
1 1 2 1 2 1 2 12 1 2 1 2 1 12 12 3 1 2 3 1
1 3 2 1 12 2 2 1 2 2 2 1 1 1 2 2 12 3 1 1
2 2 2 3 1 1 1 3 1 12 3 2 3 2 1 12 2 1 1 2
1 2 3 1 2 1 2 6 1 2 6 1 3 2 1 2 12 2 1 2
1 2 1 24 2 2 2 1 1 1 1 2 1 2 2 12 1 2 1 2
1 6 3 2 1 2 2 3 1 1 2 12 1 3 2 1 1 24 2 2
12 1 1 2 1 2 1 2 2 2 2 1 2 1 1 2 2 1 2 1
2 1 1 2 1 2 1 3 1 2 2 3 1 1 1 2 2 2 2 1
3 2 1 2 1 1 3 2 1 1 12 1 2 2 2 2 1 1 2 2
1 2 3 1 2 1 2 1 2 1 1 1 6 1 2 1 2 2 2 2
1 2 1 1 3 1 2 2 2 1 2 3 1 2 1 2 3 1 3 24
1 2 1 2 1 3 2 1 2 2 1 6 1 1 2 3 1 2 1 2
1 3 1 2 1 2 1 2 1 2 2 1 1 2 2 2 2 1 24 2
1 3 12 1 24 12 2 3 2 1 1 2 2 1 1 1 1 2 1 2
2 2 2 1 12 2 1 3 2 1 1 1 1 2 1 2 2 1 1 12
2 1 2 2 24 2 1 2 1 24 2 1 1 2 2 2 3 1 2 1
2 3 1 1 1 1 2 2 1 2 6 2 6 2 1 2 1 1 2 2
1 6 1 3 3 1 2 2 1 2 1 1 2 1 12 2 3 1 2 3
1 2 1 1 12 2 6 2 2 1 1 1 2 2 2 3 2 1 2 1
1 3 12 2 1 2 3 2 1 3 2 12 1 1 1 2 1 3 1 2
2 2 2 1 2 1 2 1 3 1 2 1 6 1 1 3 2 1 2 3
1 2 12 1 2 1 2 2 1 2 1 1 2 2 1 12 3 2 2 3
1 2 2 1 6 2 1 1 1 1 2 1 2 24 1 2 24 2 1 1
2 24 1 2 2 1 12 2 1 2 2 1 1 3 6 1 2 2 2 12
24 1 3 1 2 2 2 1 2 3 1 2 1 2 1 1 2 1 2 12
1 2 1 2 2 1 2 1 6 3 1 1 24 2 1 1 2 1 2 2
2 2 1 2 1 2 1 1 1 6 1 2 2 2 1 1 1 2 1 2
1 2 2 2 6 1 3 1 3 1 24 3 3 12 2 2 1 1 2 2
2 3 2 24 1 2 1 1 3 2 1 1 6 2 1 2 1 2 3 2
2 1 2 1 2 1 1 1 2 6 2 2 12 1 1 2 2 1 1 3
2 1 2 12 1 1 24 2 1 2 2 2 1 1 2 2 1 2 1 1
24 1 2 3 1 1 3 2 2 12 1 2 24 1 3 2 2 2 1 2
1 1 2 2 1 1 1 1 2 2 1 3 1 2 1 2 2 1 1 2
1 2 1 2 3 3 1 2 1 2 2 2 2 1 3 2 1 2 1 1
1 1 2 1 3 2 1 2 1 2 2 2 2 1 2 1 2 1 1 2
2 1 1 1 1 3 2 1 2 2 2 1 1 1 2 1 2 6 3 2
2 1 3 2 1 1 2 2 2 1 1 12 1 24 1 2 1 2 2 1
2 24 3 1 1 2 2 1 2 24 6 1 2 2 2 1 2 1 1 2
2 1 1 2 1 1 1 2 2 2 2 1 1 3 2 1 2 1 1 2
1 2 2 1 2 1 2 24 1 1 3 2 1 3 1 12 2 1 2 2
2 2 1 2 1 1 2 2 1 2 1 2 1 1 2 2 1 3 1 3
3 2 3 2 1 2 12 1 2 1 3 2 1 2 1 1 2 2 3 1
24 1 2 1 2 1 2 2 1 2 1 1 1 1 2 24 3 2 2 1
2 1 6 1 12 2 3 3 2 1 2 1 2 1 2 2 1 2 1 6
3 1 1 2 2 2 1 1 3 1 2 6 2 12 1 1 3 1 3 2
1 2 2 1 2 6 1 2 1 2 3 1 1 2 1 24 2 3 2 1
2 12 2 6 1 1 6 24 3 1 2 2 1 12 2 1 24 1 3 2
2 3 3 1 2 1 2 1 1 2 2 12 2 1 2 3 2 1 1 2
1 1 1 2 2 2 2 24 1 1 1 1 2 1 2 1 2 2 1 3
2 2 2 1 2 12 1 1 2 2 1 1 6 6 2 6 2 1 2 1
2 1 6 2 1 1 1 1 2 1 3 2 1 12 2 1 2 2 2 3
1 1 1 2 2 1 1 2 3 2 1 2 2 3 2 1 2 1 24 1
2 2 1 1 2 3 2 1 2 1 1 1 3 1 2 2 6 3 1 12
2 6 2 1 3 2 1 2 1 2 6 1 1 3 2 2 1 2 1 2
1 2 1 3 1 1 2 2 2 2 6 1 1 1 1 2 1 2 1 2
2 24 1 1 2 1 2 1 2 1 3 2 1 2 2 1 2 1 2 2
3 1 1 1 2 24 1 2 1 2 3 1 2 3 2 1 2 24 2 2
1 2 1 3 2 1 6 2 1 1 1 1 2 3 2 1 2 3 2 1
1 2 1 2 2 1 2 1 12 2 1 3 12 1 1 24 2 1 2 2
2 1 2 1 2 2 1 1 2 1 1 3 2 2 2 3 1 2 1 1
3 3 3 2 2 1 1 1 2 2 2 1 3 2 6 3 1 1 1 1
2 2 1 1 2 2 1 2 6 1 1 2 1 2 2 1 1 2 1 2
1 2 6 2 2 2 1 1 1 1 2 2 2 2 1 1 3 1 1 2
2 2 2 1 24 2 1 2 1 2 1 1 3 24 2 2 1 2 24 1
2 1 1 1 1 2 1 2 3 3 2 2 1 24 3 2 1 2 6 2
6 1 2 1 1 2 2 1 2 1 2 1 2 1 1 1 2 2 2 3
1 1 2 3 2 3 1 1 2 1 1 6 2 2 3 2 1 1 2 3
1 2 1 2 12 1 1 24 2 2 2 1 1 1 1 2 1 2 1 2
24 2 2 1 1 1 2 2 2 1 2 3 1 2 2 1 1 1 1 2
2 1 1 2 1 2 6 3 1 2 1 2 24 2 3 2 2 1 2 1
2 1 1 2 2 1 2 3 1 2 1 2 1 3 1 2 2 1 1 1
1 2 2 12 1 2 2 2 1 2 1 3 1 1 1 2 2 2 1 1
2 1 1 2 1 3 2 2 1 12 3 2 2 2 1 24 1 1 2 2
1 2 2 1 1 1 1 3 2 3 3 2 3 2 1 2 1 3 1 2
2 1 2 24 6 1 2 1 2 2 1 2 1 1 2 2 1 1 2 2
1 2 1 3 1 1 1 2 1 2 1 2 2 1 6 2 12 1 2 2
1 1 2 1 3 1 2 12 1 24 2 1 2 1 6 2 1 24 2 2
2 3 2 3 1 1 2 1 2 2 1 1 12 1 1 3 2 1 2 2
24 1 1 2 2 3 2 2 1 2 1 1 2 2 1 6 2 1 1 2
3 3 1 6 1 2 3 2 2 24 1 2 1 2 1 1 2 2 3 1
2 1 6 1 2 1 1 2 1 2 2 1 2 1 2 1 2 1 2 2
1 2 1 1 2 1 2 2 1 2 1 2 1 1 2 2 3 6 1 2
1 2 1 12 1 2 12 1 1 1 12 2 1 2 1 2 3 2 2 3
2 1 1 2 1 24 3 2 1 3 1 1 6 3 2 1 2 1 2 2
1 2 1 1 2 12 2 2 2 1 3 1 1 2 1 1 2 2 2 2
1 1 2 1 24 1 2 1 3 2 2 2 1 3 2 1 1 1 2 12
1 3 3 2 2 6 2 1 1 6 1 1 6 2 2 2 1 2 2 24
1 2 1 3 1 1 3 1 3 3 2 2 1 1 2 1 2 2 1 2
1 1 24 2 2 2 1 24 1 2 1 1 2 2 3 3 6 2 1 2
1 1 2 2 1 2 2 1 2 6 6 1 2 1 1 3 3 1 2 2
3 2 1 1 1 1 2 2 2 3 3 12 3 1 3 2 2 1 2 3
1 3 2 1 2 1 1 2 3 1 12 3 12 3 1 3 2 1 2 1
2 1 1 3 2 2 3 6 1 24 2 2 3 3 3 2 1 2 1 1
2 6 1 3 1 1 3 2 12 2 2 1 1 1 12 2 2 1 2 2
1 1 1 2 1 3 2 1 2 1 2 2 3 1 1 2 2 1 1 2
3 1 2 1 3 2 1 2 1 2 1 2 1 2 2 1 1 2 2 24
2 2 1 6 2 3 1 3 2 6 3 1 1 6 1 1 2 1 24 2
1 2 3 1 2 1 3 2 1 12 2 2 12 1 2 1 2 2 1 2
1 2 2 1 2 1 1 6 1 6 3 2 1 2 2 2 6 1 1 2
1 2 1 1 1 3 2 1 2 2 24 24 6 2 1 2 2 1 2 1
12 2 3 1 2 1 2 3 1 1 2 2 1 3 3 3 1 1 1 12
3 6 3 2 1 2 1 2 2 1 1 2 1 2 12 2 2 1 1 1
2 1 2 2 2 2 1 2 24 1 2 12 1 2 1 1 1 1 2 1
2 1 2 1 2 2 2 1 3 1 1 3 6 2 1 3 2 3 1 12
2 2 1 2 2 12 3 1 1 2 1 2 1 1 2 1 2 3 2 1
6 1 2 1 2 1 2 1 2 1 2 2 2 12 2 1 1 2 2 1
1 3 1 2 1 1 2 2 3 2 2 1 1 2 2 1 12 1 1 1
2 1 2 6 3 1 2 1 2 2 3 6 6 1 2 1 2 1 1 2
1 2 2 2 2 1 2 1 2 1 2 1 1 1 12 1 2 24 2 2
2 1 3 1 2 3 2 1 2 1 2 1 2 1 3 1 2 1 1 1
2 1 2 1 2 2 2 1 1 24 1 2 2 1 2 2 2 1 1 2
1 2 1 1 1 2 1 2 1 2 6 1 2 3 2 1 2 2 1 2
1 12 3 1 2 2 1 1 2 1 2 2 1 24 1 2 2 1 1 3
2 24 3 1 3 2 1 1 2 2 2 2 3 1 1 1 12 3 1 2
2 3 1 3 24 1 2 12 1 2 3 1 2 3 6 1 2 2 2 2
1 2 1 1 24 3 2 2 24 1 1 1 2 1 12 6 2 1 2 2
2 1 1 1 1 2 2 2 1 2 1 2 1 2 2 1 1 24 3 1
1 2 2 2 1 1 3 3 24 2 24 3 1 1 3 2 1 2 2 1
3 2 3 3 2 2 1 1 1 1 2 1 2 2 1 6 1 2 2 3
2 1 3 1 1 2 24 1 6 24 2 24 2 2 2 1 1 2 1 3
2 1 3 1 1 2 2 1 1 24 2 2 1 2 2 1 6 1 1 2
3 1 3 2 1 3 2 12 2 1 3 24 3 1 2 2 2 1 2 2
1 3 2 1 6 2 1 2 1 1 3 2 2 24 3 1 2 1 3 1
2 2 1 1 1 2 2 1 2 1 1 1 2 3 12 1 2 1 2 1
2 2 2 2 1 1 2 2 1 3 2 3 1 1 1 1 2 1 2 3
1 2 1 2 2 2 1 2 2 1 1 2 1 6 2 1 12 1 2 2
1 3 3 3 1 1 2 2 2 12 2 3 3 1 1 1 1 2 1 2
3 2 2 12 3 2 1 2 1 12 3 12 1 2 1 6 2 3 1 24
1 1 12 2 2 2 12 1 1 1 2 1 2 2 2 1 2 1 3 2
1 2 3 2 1 24 6 3 1 2 3 2 1 1 3 1 2 1 2 2
2 1 2 1 2 1 1 2 1 3 1 2 1 1 2 2 1 2 3 1
1 2 1 3 2 2 2 1 3 2 1 1 1 2 3 2 12 3 2 1
1 1 3 2 1 2 6 2 2 2 1 1 1 1 2 1 2 3 2 1
2 1 2 2 2 1 2 1 1 1 2 2 1 1 2 2 1 2 1 24
2 2 24 1 1 2 2 1 2 1 2 1 3 2 1 2 1 2 1 1
2 1 1 2 24 2 2 1 1 1 24 2 1 2 2 6 24 24 2 1
1 3 2 2 1 1 1 2 2 2 1 2 1 3 2 1 1 2 1 1
2 2 1 1 3 12 2 2 2 1 2 1 1 24 6 2 2 1 3 1
1 6 2 2 1 12 1 2 2 1 2 2 1 1 1 1 2 1 2 3
2 1 24 1 3 2 6 2 1 1 3 2 2 2 2 24 1 1 3 1
2 2 1 2 1 1 1 2 2 6 1 2 1 2 2 1 1 3 2 1
6 1 2 2 2 1 2 2 1 2 1 12 1 2 1 2 12 2 1 1
1 2 1 3 1 3 12 3 12 2 24 6 1 2 3 1 2 2 2 24
1 2 24 2 1 3 12 1 1 1 2 2 3 3 1 2 1 2 1 1
2 1 2 1 6 3 2 3 6 24 2 1 1 24 2 1 2 1 2 2
2 1 2 3 1 2 2 1 1 2 24 3 3 2 1 1 2 2 1 3
2 1 1 1 1 2 1 2 2 1 1 2 2 2 2 1 2 1 3 2
1 6 1 2 1 3 2 2 1 1 1 12 2 2 1 6 2 3 1 1
1 2 1 3 2 24 2 2 3 1 2 1 1 1 2 1 2 2 1 2
1 1 3 3 2 3 1 2 2 3 1 1 2 2 3 2 1 3 2 3
2 1 12 1 1 2 2 6 2 1 1 6 2 1 3 1 2 1 2 1
1 2 1 2 2 1 2 2 1 1 3 12 2 2 2 1 12 3 1 1
2 3 2 2 1 24 6 2 24 1 2 1 1 2 1 2 24 1 24 2
2 1 24 1 1 2 2 2 1 2 1 1 1 1 2 3 1 2 2 2
1 2 3 1 2 2 1 1 2 1 3 6 2 1 12 2 2 3 1 1
1 1 2 3 1 2 2 2 24 2 1 1 2 3 3 2 3 1 2 1
2 1 3 3 1 2 2 1 1 1 3 3 1 12 2 3 2 1 1 2
2 2 1 1 2 2 2 1 12 1 2 2 1 1 24 2 1 1 2 1
12 1 2 3 3 2 1 2 3 2 1 2 2 1 3 1 1 2 2 1
2 1 1 6 1 2 12 2 12 2 1 3 2 3 1 6 2 2 1 2
1 1 1 2 2 1 2 2 1 1 2 24 2 1 3 1 1 6 2 1
1 2 1 2 1 2 1 6 2 2 1 1 2 1 2 6 1 3 2 2
1 2 2 1 1 3 1 2 1 2 1 3 2 2 2 12 2 1 2 1
1 2 1 2 3 2 1 2 6 1 1 1 2 1 1 2 2 2 1 1
1 2 2 3 2 1 2 12 2 1 1 3 1 1 2 2 12 3 1 1
2 2 24 2 1 3 12 1 1 2 2 2 1 1 1 2 2 1 1 2
2 2 2 1 2 1 1 1 2 1 2 24 2 2 1 1 3 2 1 6
1 2 2 2 6 1 1 2 3 2 1 2 1 2 3 1 2 1 1 2
2 1 2 24 3 1 2 1 2 1 1 1 1 2 2 1 2 2 6 2
1 1 2 3 2 1 1 2 2 1 1 2 1 2 1 2 12 2 1 2
1 2 3 3 1 24 1 2 2 1 2 1 1 1 2 1 2 1 1 3
2 2 1 2 2 2 3 1 1 2 24 1 2 1 12 2 6 1 2 1
1 2 1 1 2 2 2 2 1 1 1 2 1 2 1 1 2 1 2 1
3 2 1 12 2 2 2 2 1 3 2 1 3 1 1 2 2 2 1 2
3 1 2 1 1 1 1 2 2 2 1 2 2 1 3 3 2 1 12 2
1 3 2 1 3 2 3 1 1 2 6 1 24 24 1 1 2 1 2 1
2 3 6 2 1 2 1 2 1 2 2 2 1 2 1 1 2 2 1 1
1 2 1 1 2 3 3 3 1 2 1 2 24 2 1 1 2 2 6 1
2 12 2 3 1 2 3 1 1 1 2 1 2 1 2 2 2 3 1 3
2 1 1 2 2 2 6 1 2 3 1 2 1 2 1 2 1 2 1 1
24 3 2 1 2 3 1 2 1 2 2 1 2 3 1 1 1 2 1 1
2 12 2 1 2 2 1 1 1 3 2 1 2 2 2 2 1 1 2 3
2 1 1 3 24 6 3 3 1 2 3 1 2 1 3 2 1 3 1 2
2 2 2 1 2 1 2 1 2 1 2 1 3 1 12 2 1 1 12 2
1 1 2 3 2 1 2 1 3 1 2 2 1 2 24 2 3 1 1 2
2 1 1 2 1 2 1 1 2 3 3 2 2 1 6 1 2 2 2 1
2 12 1 2 1 2 1 2 3 1 2 1 2 1 2 1 6 1 1 1
2 6 1 3 2 1 2 2 1 3 1 2 2 2 3 2 1 2 12 1
1 1 3 2 2 6 2 1 1 2 1 3 2 2 1 1 2 1 1 2
3 1 1 2 2 24 2 1 3 1 3 1 2 1 2 3 1 2 2 1
2 2 1 24 6 1 6 2 6 2 12 1 1 6 1 3 6 2 2 2
1 1 2 2 1 2 12 1 6 2 2 1 2 12 1 2 12 1 24 2
1 2 1 3 1 1 1 2 2 12 2 2 12 1 1 2 2 1 2 1
3 2 1 3 2 3 1 12 1 1 2 2 2 3 1 2 1 2 1 1
1 1 2 1 2 2 12 2 2 1 2 1 1 6 1 3 24 6 3 2
2 2 1 1 24 1 1 2 2 3 3 1 6 1 2 6 1 2 2 1
2 1 1 2 2 3 2 1 1 2 24 1 2 1 1 2 2 2 1 1
1 2 2 2 2 1 2 1 2 1 1 2 1 12 1 1 2 3 2 24
2 2 1 1 1 2 2 1 1 3 2 2 1 1 12 2 2 2 1 6
24 1 3 12 2 2 1 1 3 12 2 2 6 24 1 6 1 1 3 1
2 3 3 1 6 2 2 3 2 2 1 1 24 1 1 3 2 2 12 1
3 1 2 1 3 24 3 2 1 2 2 2 1 2 6 1 2 2 12 1
1 1 1 3 2 1 2 2 1 1 2 1 2 2 2 1 1 3 2 1
2 2 1 1 2 1 12 2 1 2 2 1 1 2 1 2 3 3 1 2
1 1 3 2 3 24 1 2 24 2 1 1 3 6 2 1 2 2 1 3
12 3 1 2 1 3 3 2 24 1 24 6 2 2 2 1 3 2 2 1
1 2 3 12 2 1 1 3 1 2 1 1 2 2 1 1 2 12 1 3
2 2 1 2 1 2 24 1 3 1 2 1 3 2 1 2 1 2 2 1
1 2 1 12 2 1 3 2 2 1 2 2 2 1 1 1 3 2 2 1
1 3 2 2 1 2 1 1 1 2 2 3 1 2 2 1 1 1 2 2
2 24 1 2 2 1 6 1 2 1 2 3 2 1 2 1 1 2 1 24
1 1 2 12 2 1 3 2 2 3 2 1 2 1 1 3 1 1 2 1
2 2 1 12 1 2 1 2 2 1 6 1 2 2 2 24 1 2 2 1
1 2 2 12 6 1 1 1 1 2 1 2 3 1 2 3 1 2 1 2
2 24 2 1 2 1 24 24 2 1 2 1 1 1 2 1 2 1 2 1
2 1 2 6 1 2 2 1 2 2 2 1 2 1 2 1 1 3 2 1
1 2 1 1 3 12 2 1 2 2 12 1 1 12 2 3 1 2 1 24
2 2 2 2 1 3 1 2 1 3 2 2 1 1 2 1 1 1 2 2
24 2 2 1 2 1 3 1 1 1 2 2 3 2 2 1 1 2 2 1
1 1 2 1 1 3 2 24 1 2 1 2 1 2 2 3 2 1 1 1
2 2 1 1 6 2 1 3 2 2 2 1 2 1 2 1 3 2 12 2
1 1 3 1 2 2 1 2 2 1 3 1 1 2 2 1 2 1 1 2
3 3 1 2 2 2 3 3 12 1 2 1 1 1 1 2 2 1 1 3
2 1 2 2 2 1 12 2 3 1 1 1 6 2 2 2 1 1 1 3
2 3 2 24 24 1 6 1 2 1 2 6 1 3 2 1 2 1 2 1
2 1 2 1 6 2 1 2 2 1 1 12 2 2 2 2 1 1 1 1
2 6 2 2 6 1 2 24 6 1 1 1 2 1 2 2 1 24 1 2
3 2 6 1 1 2 2 1 6 2 2 2 6 3 1 2 1 6 2 1
1 1 2 2 3 3 1 1 1 6 2 1 2 1 2 2 2 2 1 2
1 1 2 2 1 2 1 1 2 1 2 2 1 2 1 2 1 3 1 1
1 2 24 1 2 1 2 2 6 1 2 1 2 2 2 3 1 3 2 1
2 1 2 1 2 1 2 1 3 2 1 1 1 2 1 2 1 3 2 2
2 1 2 12 6 1 1 1 2 1 1 24 2 2 1 1 2 24 2 2
6 1 1 1 3 2 2 1 1 3 2 1 12 2 2 2 1 2 1 1
1 2 1 2 12 2 2 2 1 1 3 2 3 6 2 1 24 1 1 6
1 2 2 2 2 1 1 2 1 2 2 1 2 1 1 2 2 3 1 2
1 1 2 2 1 2 1 1 3 2 1 1 2 2 2 1 12 12 2 1
3 2 6 1 1 2 2 1 6 2 1 1 1 1 2 1 12 24 2 6
1 2 1 2 2 2 1 1 2 2 2 1 1 1 1 2 1 2 2 1
3 3 1 2 1 2 2 2 3 1 1 1 2 1 12 2 1 2 1 2
24 1 2 1 2 1 2 1 2 24 2 2 2 1 2 1 1 24 12 2
2 1 6 2 3 1 2 1 1 1 2 2 2 1 2 12 1 2 1 1
1 1 3 2 3 2 1 2 2 6 1 6 2 1 1 2 3 1 2 1
1 2 2 1 3 1 3 2 1 2 2 1 3 24 2 1 24 2 2 1
1 2 6 1 1 2 3 1 2 1 2 2 12 2 1 24 1 2 1 2
2 1 1 2 2 3 2 1 12 1 1 1 2 1 2 3 2 1 1 2
2 1 2 2 1 1 2 1 2 2 1 1 1 24 2 12 2 1 3 2
1 2 1 2 6 6 1 6 2 1 1 3 2 2 1 1 2 6 1 2
1 2 1 3 2 2 1 1 2 6 2 2 1 1 2 2 1 1 24 3
2 2 2 1 1 1 3 1 2 1 2 1 2 1 2 2 6 3 1 1
3 2 2 2 1 1 1 2 2 1 2 2 1 1 2 1 1 2 1 3
2 1 2 3 3 2 1 3 2 1 6 2 2 2 3 1 3 2 1 2
1 1 3 1 2 2 2 1 3 2 1 3 2 3 1 3 1 3 6 2
2 1 2 1 1 1 1 2 2 2 3 1 2 1 1 1 2 12 2 2
2 24 1 2 1 2 1 2 1 1 3 2 1 2 2 1 1 2 2 1
1 2 1 1 1 3 2 1 2 1 2 1 2 1 2 2 1 1 2 1
3 2 2 24 1 1 2 1 2 2 2 2 1 1 2 2 1 1 24 3
1 2 24 1 1 2 3 3 1 2 2 2 1 1 1 2 2 2 1 2
12 3 1 1 2 1 6 1 2 3 2 12 1 1 6 2 2 2 2 1
1 2 1 1 2 1 2 1 2 3 1 3 3 6 1 2 1 2 1 2
12 1 2 1 2 2 2 2 1 1 2 2 6 1 2 1 1 1 2 2
1 2 1 1 1 6 2 2 1 1 24 2 2 24 1 2 1 3 2 1
6 1 3 2 1 2 1 2 2 6 3 1 2 2 1 1 2 2 24 2
1 2 1 3 2 1 2 1 2 1 1 1 3 3 2 2 1 1 1 2
2 2 24 2 1 2 3 1 2 1 1 3 1 2 1 1 2 2 1 2
2 1 2 1 6 1 2 2 3 1 3 1 2 1 1 2 6 3 12 2
2 2 1 1 2 6 1 2 1 1 3 2 1 1 2 1 2 1 3 2
2 2 12 2 1 3 1 2 2 1 1 1 1 3 2 1 2 3 1 2
1 2 1 2 2 1 2 12 1 2 1 1 2 2 1 2 2 1 2 2
1 1 1 2 1 2 2 2 24 1 1 1 2 1 1 2 1 3 2 1
2 2 2 2 1 1 1 1 2 1 12 3 2 2 2 2 1 2 1 1
1 1 2 1 2 2 1 1 6 2 6 1 24 2 2 2 1 2 1 1
2 2 2 12 3 24 1 1 2 2 1 2 1 1 2 2 1 1 2 1
3 2 2 1 1 3 2 3 1 2 2 1 1 1 3 2 1 2 1 12
3 3 2 2 24 2 1 1 6 2 2 1 2 3 1 2 1 2 1 2
1 1 1 2 2 2 1 2 1 1 1 2 1 1 24 2 1 3 24 2
2 1 2 1 3 2 24 2 3 6 24 2 1 1 2 24 2 1 2 1
1 1 2 2 2 24 1 2 1 1 2 2 6 1 2 1 2 3 3 24
12 24 1 2 1 2 1 1 2 6 1 2 12 1 1 2 12 1 1 2
1 3 2 2 2 1 2 1 2 1 2 1 1 1 2 1 2 1 2 1
2 1 2 1 2 1 2 3 1 3 2 2 1 1 2 1 2 1 2 2
2 2 1 1 1 1 2 1 2 1 2 3 2 2 1 2 6 3 2 1
2 3 1 1 1 1 2 2 3 2 1 1 6 2 1 3 1 2 1 2
1 2 1 2 1 2 2 1 2 24 2 1 24 1 2 1 1 2 3 2
1 2 2 3 12 2 1 12 1 6 2 2 3 3 6 1 1 2 6 1
12 24 1 1 2 1 2 2 2 2 1 1 2 1 1 1 2 2 3 1
2 3 2 3 3 6 2 1 1 1 2 2 1 3 3 3 2 2 3 1
1 3 1 1 2 1 2 2 2 2 1 2 3 1 1 1 2 1 2 1
2 2 1 3 1 3 1 2 1 2 12 1 24 2 2 3 1 6 2 2
2 1 3 1 2 3 2 1 24 2 12 1 2 1 1 1 2 12 2 1
1 2 2 1 2 3 1 2 1 2 24 2 1 1 1 1 2 1 2 2
1 2 2 3 24 1 1 1 2 1 2 24 2 1 1 6 2 1 2 2
1 12 1 3 2 2 2 1 2 1 1 3 2 2 2 6 6 1 2 3
1 2 1 1 6 2 1 2 2 1 2 1 2 1 2 1 1 2 1 1
2 3 2 1 2 2 24 3 1 2 1 12 1 1 6 1 2 2 1 2
2 1 12 3 1 2 1 2 1 1 2 1 2 3 2 2 1 1 1 2
2 2 1 2 1 1 1 2 3 2 3 3 2 12 2 3 3 1 1 1
1 24 2 1 2 12 1 2 1 2 3 1 2 1 3 6 2 1 2 3
2 2 1 2 2 1 2 1 1 2 3 2 1 6 1 2 2 1 2 1
3 3 1 1 2 1 2 1 1 2 1 2 2 1 1 2 3 6 24 2
2 12 1 1 2 1 6 2 1 2 3 1 2 2 3 1 3 6 1 6
2 1 1 6 3 2 24 1 2 2 2 1 2 2 1 2 1 1 2 2
1 24 12 1 2 2 1 1 6 2 2 1 1 2 1 1 3 2 1 3
1 2 1 12 2 1 2 2 1 1 2 2 1 2 6 1 1 2 2 6
3 3 2 1 3 1 1 2 2 2 1 2 1 1 2 1 6 2 1 24
1 2 2 2 12 2 1 2 1 2 3 1 1 2 1 1 3 1 12 2
2 1 3 24 1 2 6 12 1 2 3 1 2 6 2 1 1 3 2 1
3 2 1 2 1 2 1 2 24 2 2 2 1 2 1 2 12 6 3 1
2 1 2 1 3 3 1 1 6 1 3 2 2 2 1 2 1 2 1 2
2 1 2 3 1 2 6 12 1 1 2 1 1 2 1 1 2 2 2 1
1 2 6 1 1 24 2 2 1 1 2 2 3 2 2 1 3 24 2 1
2 1 3 1 2 1 2 1 1 1 2 12 2 1 24 2 24 1 1 24
3 3 2 3 24 2 2 6 1 2 2 1 2 1 2 1 3 6 1 2
2 1 1 2 1 2 2 12 1 3 3 1 2 6 1 2 1 6 1 3
3 24 3 24 1 2 2 3 2 1 2 1 1 1 2 1 2 1 2 1
2 6 2 1 2 3 3 1 1 2 1 2 2 12 1 2 2 2 1 2
1 1 1 2 1 3 2 2 24 1 1 2 3 2 1 2 2 3 1 1
6 2 2 12 1 6 2 1 1 1 1 3 2 1 2 1 2 3 1 24
2 2 1 1 24 2 2 1 3 2 2 1 12 2 12 2 1 1 1 1
2 1 2 12 1 2 1 2 1 2 1 2 12 1 2 2 3 2 1 2
12 2 3 1 2 1 1 2 2 1 3 3 1 2 2 1 3 12 2 1
1 1 1 2 1 2 3 3 1 2 1 2 1 2 1 2 1 3 2 3
1 2 3 2 1 1 2 3 1 2 2 2 1 2 3 2 1 3 2 1
6 2 3 1 2 1 1 12 2 3 1 6 6 3 2 2 1 1 2 3
1 1 1 2 1 2 1 2 2 1 1 2 2 2 2 6 1 2 1 3
2 1 2 1 1 1 1 2 1 2 1 2 24 2 2 3 2 24 1 1
3 24 1 1 2 1 2 1 2 2 12 2 1 2 1 2 1 1 1 2
2 2 3 2 1 1 1 1 2 1 2 1 2 6 1 2 2 6 2 2
1 2 1 12 2 3 3 1 2 1 2 1 1 1 2 2 6 2 3 1
24 1 2 1 1 1 2 1 2 24 1 2 1 2 2 2 2 1 1 1
1 2 1 12 2 1 2 2 1 1 12 2 2 1 24 1 2 2 1 2
2 1 2 2 1 2 1 1 2 1 1 1 2 2 1 2 1 1 2 1
2 2 2 1 1 24 1 2 1 2 2 2 2 1 1 2 1 2 1 6
3 1 2 2 2 1 2 1 1 2 2 1 2 1 2 3 1 1 3 3
2 2 1 1 1 1 2 3 1 2 2 2 1 1 1 2 1 6 2 6
1 6 2 2 3 3 1 24 1 2 1 2 2 2 3 2 1 1 1 24
1 2 2 12 1 1 2 2 2 1 1 1 2 1 2 3 1 2 1 2
2 1 3 24 2 2 1 2 2 1 1 1 1 2 2 1 2 1 2 1
2 6 2 2 1 1 1 1 2 3 3 6 2 6 2 1 1 2 1 24
1 2 1 3 2 24 2 1 12 1 2 2 1 1 2 2 2 1 1 2
2 2 1 1 1 2 2 12 2 1 3 1 2 2 3 1 1 2 1 1
3 1 2 2 1 3 3 1 2 1 2 2 12 3 1 2 2 1 2 3
1 2 2 1 3 3 2 24 1 1 2 2 1 2 1 1 1 1 2 1
2 1 2 2 1 12 1 24 2 1 2 1 2 24 1 2 2 1 2 2
2 1 1 3 1 3 1 2 2 2 2 3 1 2 1 1 3 1 2 1
2 6 2 2 1 1 2 1 1 2 1 2 1 2 2 1 24 2 2 3
1 2 6 1 2 1 1 1 1 2 24 3 2 6 2 1 1 1 2 1
2 1 2 1 2 2 1 2 1 2 1 2 2 1 2 2 12 1 2 1
2 1 3 2 1 1 1 2 2 24 24 2 1 2 1 2 1 12 2 1
2 1 2 1 1 3 2 3 1 2 6 2 1 2 1 1 2 2 1 2
12 1 6 2 1 1 2 2 3 1 1 2 12 12 2 1 2 1 2 1
3 6 2 1 2 3 6 1 24 2 24 1 1 2 1 2 12 2 24 1
1 2 1 2 2 1 2 1 3 1 2 1 3 2 1 2 1 2 2 24
1 2 1 1 2 1 2 1 1 2 3 6 1 1 2 1 3 2 1 2
2 3 1 2 1 1 2 1 2 2 2 2 12 1 2 1 2 1 1 2
1 1 6 2 2 2 1 1 1 3 2 2 1 24 2 1 2 1 1 1
2 1 2 2 2 1 12 2 2 1 2 1 3 1 1 1 2 2 2 3
1 1 1 2 24 2 3 2 24 1 2 2 1 1 1 2 1 2 12 2
1 1 1 12 2 1 2 1 2 1 2 1 2 1 2 1 2 3 1 2
2 2 1 2 2 1 2 1 1 24 1 2 2 2 1 1 1 2 1 2
2 1 3 1 2 1 1 2 3 2 1 1 3 2 2 2 1 1 2 1
3 3 2 2 1 1 12 2 24 1 1 2 1 3 24 2 3 1 2 1
2 2 2 2 1 1 1 3 1 6 2 2 12 1 2 12 2 2 1 1
3 3 1 1 2 2 2 3 2 1 1 24 2 1 3 2 1 3 6 12
2 2 3 1 2 1 2 1 24 2 1 2 1 2 1 2 1 2 1 1
2 6 12 12 2 1 1 1 24 2 2 1 2 3 2 1 2 1 1 1
2 2 1 2 3 24 3 1 3 1 1 2 1 2 12 6 3 2 2 2
1 2 1 2 1 24 1 1 2 1 1 2 2 1 1 2 3 2 2 1
1 1 2 2 1 1 2 2 2 6 2 1 3 1 2 6 1 3 2 2
1 2 1 12 3 1 1 1 2 2 2 1 1 1 3 2 2 2 3 3
1 6 3 2 1 2 2 1 3 2 1 2 1 2 3 1 1 3 1 1
2 2 2 2 1 6 1 2 1 2 2 24 3 1 1 2 2 1 24 1
3 2 2 1 2 1 6 2 1 1 2 1 1 2 1 2 6 1 2 2
2 1 1 2 2 3 1 2 1 2 1 1 12 2 1 2 2 1 1 2
1 1 2 3 1 1 2 1 6 3 2 2 1 3 1 2 6 2 1 1
2 1 2 1 2 3 2 2 2 1 1 1 1 2 2 1 1 2 1 6
3 2 2 1 1 3 2 1 2 1 2 2 1 3 2 2 2 6 1 2
1 2 6 1 1 2 2 3 1 2 1 2 1 2 1 1 3 1 1 2
1 2 2 3 12 1 1 2 2 2 6 1 2 1 1 3 12 1 2 1
2 2 1 2 1 1 2 1 2 1 2 1 3 2 2 2 1 2 1 3
1 1 2 6 24 1 2 2 24 2 24 2 1 2 24 1 24 2 1 1
1 1 2 1 2 2 1 1 2 6 1 2 2 2 1 2 1 12 2 1
1 2 2 2 1 1 3 2 1 2 1 2 1 2 1 6 1 2 1 2
1 1 2 2 2 2 1 1 1 1 2 3 1 3 2 2 1 3 1 2
1 2 2 1 2 1 1 2 1 2 2 1 2 2 2 1 1 1 1 2
2 3 1 2 6 1 1 3 2 3 24 2 1 1 2 6 1 2 2 1
12 2 3 24 2 1 2 1 2 2 3 1 1 3 24 2 2 6 1 1
1 2 2 2 1 2 1 1 2 1 2 1 24 24 2 1 1 1 2 12
2 1 1 2 2 1 1 2 2 2 24 12 1 2 1 2 2 1 2 3
1 2 1 2 1 2 1 2 1 2 1 12 2 1 2 1 2 1 1 1
6 1 2 2 1 1 2 2 2 1 2 1 3 2 2 1 2 24 1 3
24 2 1 2 1 2 1 2 1 2 1 1 2 2 1 2 1 2 1 1
3 1 2 1 2 2 1 1 3 24 12 1 2 2 2 1 2 1 3 24
3 1 1 3 2 3 1 2 24 2 2 2 1 2 1 1 2 1 24 3
1 2 1 1 3 2 2 1 3 2 1 1 2 2 2 24 2 24 1 2
1 2 1 2 3 1 1 2 1 2 1 1 2 3 2 1 12 3 3 3
3 1 1 2 1 2 1 2 1 2 1 2 24 2 1 1 2 2 1 2
3 1 2 1 1 2 2 2 2 1 1 2 12 2 1 1 2 24 2 1
2 12 3 1 2 1 6 1 2 2 1 2 1 1 1 1 2 2 2 3
1 2 1 1 2 2 2 1 2 1 24 3 2 3 1 1 2 3 1 2
3 2 3 3 3 1 1 1 1 2 12 2 2 1 2 2 24 1 2 3
3 1 2 3 1 3 2 1 3 1 1 2 1 2 1 2 1 1 2 12
1 2 1 2 2 2 2 1 2 24 3 3 1 2 1 1 1 2 12 6
1 1 2 1 3 2 12 1 2 24 1 24 2 1 2 1 2 1 2 3
1 2 24 2 24 12 1 3 1 3 2 1 3 3 2 2 2 1 1 2
1 2 3 3 1 1 2 12 1 2 2 2 2 1 2 3 1 3 2 1
2 1 1 2 24 1 2 2 1 2 1 2 3 1 1 1 2 6 2 2
1 2 1 2 1 1 2 3 1 1 1 24 2 6 12 2 2 6 3 2
3 1 2 3 1 3 2 1 2 1 1 2 2 3 1 12 1 2 2 1
2 1 2 1 2 1 2 1 1 2 2 1 3 1 1 2 2 2 1 2
1 6 1 2 2 1 1 1 1 6 2 1 2 2 1 2 2 1 2 2
1 6 2 1 2 1 1 24 2 2 1 2 12 1 2 3 1 2 1 1
3 2 1 2 3 1 1 2 2 1 6 24 2 2 1 6 1 2 24 1
1 12 2 2 1 2 1 12 2 2 1 2 1 2 1 12 2 1 1 2
1 1 1 3 2 1 3 2 1 2 1 2 6 1 2 1 2 1 2 2
2 2 1 2 12 1 2 1 1 1 6 2 2 2 1 2 1 12 6 24
3 1 12 3 2 1 2 1 3 1 1 2 2 1 1 3 2 2 2 2
1 1 1 1 2 2 2 1 12 2 3 2 1 1 1 2 3 2 1 2
3 3 2 24 1 1 1 1 2 2 1 2 6 12 2 1 1 1 2 2
2 2 1 1 2 1 1 2 2 3 2 1 1 1 2 2 2 1 1 2
1 1 2 1 3 1 2 2 2 1 6 2 2 6 1 2 1 1 2 2
1 2 3 1 1 1 1 2 2 3 2 2 1 1 2 2 1 2 1 12
3 1 2 3 6 2 1 1 6 24 1 3 2 2 2 3 1 2 1 2
24 1 2 1 1 2 1 1 1 2 2 2 6 2 3 1 1 2 3 2
1 2 1 2 1 1 1 1 3 2 2 2 3 3 1 2 2 1 6 3
2 1 2 1 1 1 2 1 2 1 2 2 2 3 12 1 1 2 2 1
2 1 2 1 1 2 2 1 2 1 1 2 2 1 1 1 6 2 1 2
2 1 2 1 2 3 3 2 3 1 1 1 2 1 1 2 1 2 2 2
2 1 6 1 1 2 2 1 2 1 2 24 1 1 1 2 2 1 12 1
24 2 1 2 1 3 12 2 1 2 2 1 12 1 2 2 1 2 2 24
2 1 2 6 1 2 1 2 1 1 1 1 2 1 2 1 2 1 2 2
6 2 1 2 24 24 1 3 2 1 1 1 2 2 3 2 3 1 2 2
1 1 2 2 1 1 3 1 12 1 2 12 2 2 3 2 3 12 1 2
3 1 1 3 2 3 3 2 1 1 12 1 1 2 1 2 2 2 12 1
2 1 2 1 24 2 1 12 1 2 2 2 1 1 3 6 1 1 2 1
2 3 2 2 2 1 2 1 1 24 3 2 2 1 2 1 2 1 1 1
1 2 2 1 1 2 2 2 2 1 2 1 1 1 2 2 3 3 2 1
2 1 2 1 12 6 24 1 2 24 1 24 12 12 1 2 1 24 2 6
2 2 1 1 1 1 2 24 1 2 2 1 1 2 2 2 12 24 2 1
1 2 1 12 1 2 2 2 1 2 1 1 12 1 1 2 1 2 1 2
1 2 1 2 1 2 1 2 1 2 2 2 3 2 1 1 2 2 3 1
2 1 2 1 2 1 1 2 2 12 1 2 1 6 12 1 1 2 2 1
6 3 1 2 2 24 1 2 1 1 1 2 1 2 1 24 2 2 1 1
6 2 2 24 2 1 2 1 2 1 6 1 1 2 3 1 6 3 6 2
1 2 2 2 2 1 3 1 2 1 3 2 1 1 1 2 1 24 2 1
3 6 2 2 1 3 2 2 1 2 2 1 24 24 1 2 2 3 1 1
2 1 2 1 1 1 24 2 2 2 2 1 1 1 3 1 12 2 1 2
24 12 1 2 2 12 2 1 2 1 2 2 1 1 2 3 1 2 1 2
1 2 6 1 1 2 1 2 2 3 3 3 2 6 1 2 1 1 2 2
1 2 1 2 3 3 1 2 1 1 1 1 6 6 2 2 2 1 1 1
2 2 1 1 24 2 1 2 2 2 1 1 2 2 2 3 1 2 1 6
2 1 1 2 1 1 12 2 1 2 1 3 1 2 2 2 1 2 6 2
1 1 2 2 1 1 1 2 1 3 2 2 2 1 2 1 1 1 2 1
3 2 2 24 2 1 24 1 1 1 2 1 3 2 1 2 3 1 2 1
2 1 3 2 2 2 1 3 6 1 2 1 1 2 1 2 2 24 2 1
1 2 1 1 2 12 2 3 1 1 2 2 2 6 1 2 1 3 2 2
1 3 6 24 1 2 2 24 1 12 2 1 2 1 1 1 2 2 3 2
6 3 1 1 24 2 1 24 2 3 6 1 2 1 1 1 12 2 1 12
2 1 2 2 3 3 1 1 2 6 2 24 2 1 1 2 6 2 1 2
3 3 2 1 2 1 1 2 3 1 2 2 1 1 24 3 2 1 1 1
2 1 2 24 24 2 6 1 2 2 1 1 1 2 2 2 1 2 12 1
2 1 24 1 2 1 12 1 2 12 1 2 2 3 1 1 2 1 2 2
12 2 2 1 1 6 2 2 1 2 1 6 2 1 2 1 2 1 3 1
1 6 1 24 2 1 6 2 1 3 2 2 1 1 2 1 2 1 2 2
2 2 1 2 1 2 1 2 1 2 1 12 24 3 1 3 1 1 2 2
2 6 1 1 1 6 2 2 2 2 1 1 2 2 1 1 6 1 2 1
2 2 3 1 2 1 12 12 1 2 1 1 2 1 2 1 2 3 3 1
2 2 1 6 2 1 2 24 1 2 2 2 1 2 1 1 2 2 1 1
2 2 1 3 2 1 3 1 2 1 2 1 3 24 2 2 1 3 3 2
6 1 6 1 2 24 2 1 2 1 2 1 1 2 1 2 2 1 2 1
2 1 1 2 1 3 2 3 2 1 1 6 1 2 6 2 3 2 3 1
2 3 1 1 6 12 24 1 3 2 2 1 1 1 2 2 2 12 1 1
1 6 2 2 1 2 2 1 1 2 1 12 1 12 2 1 6 6 2 2
2 2 1 12 2 1 2 1 1 2 2 1 3 1 1 2 1 1 3 2
1 6 2 12 1 2 1 3 12 2 2 2 12 1 1 3 1 2 2 3
2 2 3 3 1 2 1 2 1 2 1 3 1 2 1 2 24 2 12 1
2 1 1 2 2 1 24 2 3 1 1 2 1 2 2 1 24 1 1 2
1 1 2 6 2 1 12 2 1 1 2 1 2 2 2 2 1 3 1 2
2 1 2 6 1 2 1 1 1 2 2 3 3 3 2 1 1 1 2 1
1 2 2 2 2 1 2 3 1 3 2 1 1 1 2 2 2 3 1 2
1 1 12 1 1 2 1 2 1 2 2 2 1 2 1 2 1 24 3 1
3 2 1 1 2 2 2 1 6 1 2 1 1 3 2 2 2 2 3 1
2 1 2 1 1 1 3 1 3 2 2 3 1 2 1 3 2 2 2 1
1 1 1 12 2 2 1 1 2 2 3 3 1 1 6 2 1 2 2 1
1 3 2 1 2 1 12 2 12 2 2 1 2 1 1 3 2 2 2 1
1 1 2 1 1 2 2 1 2 2 2 1 2 24 1 1 2 2 1 1
2 1 2 1 2 2 1 2 6 1 24 1 2 1 6 1 1 2 1 2
1 2 2 1 2 3 1 2 2 1 2 1 1 2 2 6 2 1 2 6
1 1 1 3 2 1 1 2 1 2 12 2 12 1 1 3 2 3 1 2
2 3 2 1 1 1 2 2 1 2 2 1 1 3 2 2 2 1 1 2
1 2 2 1 1 1 3 6 2 1 2 3 2 2 1 2 1 2 1 2
1 1 12 1 1 2 24 2 12 2 1 2 3 1 2 2 1 2 3 3
1 1 2 3 12 2 1 2 6 1 2 1 2 1 1 2 2 1 3 1
2 2 1 1 2 1 1 2 1 1 2 1 3 2 3 2 1 12 1 2
2 1 2 3 2 1 1 3 2 2 1 2 1 1 1 2 1 2 3 12
1 6 2 1 2 1 2 1 2 2 12 1 3 2 2 2 1 2 1 2
1 1 1 1 2 2 12 3 1 1 2 2 2 3 2 1 2 1 2 1
1 2 1 24 2 1 1 1 2 24 1 2 2 1 1 2 1 2 1 2
6 12 2 1 3 3 2 12 24 2 3 1 1 24 2 1 24 1 24 2
2 2 2 1 1 2 6 2 1 3 12 2 1 3 2 1 3 2 1 2
1 1 1 1 3 2 1 2 24 2 2 3 3 3 2 1 24 2 6 1
2 1 1 2 1 2 1 2 2 1 1 1 1 2 2 1 1 2 1 2
3 1 2 3 1 3 2 2 24 1 2 1 2 2 1 1 2 2 1 24
1 1 2 1 2 3 2 24 2 2 12 1 2 1 1 1 2 1 6 2
2 2 1 1 2 2 3 1 2 3 1 1 1 2 1 24 2 2 6 1
3 2 2 1 2 1 1 1 1 2 6 2 12 1 2 1 12 1 3 2
1 2 2 2 2 3 1 1 1 1 2 12 1 12 2 2 1 1 2 3
2 2 1 2 2 12 1 2 1 3 6 1 1 1 2 1 2 1 2 24
2 3 2 2 1 1 1 1 2 2 2 1 2 1 2 1 1 2 2 2
1 2 1 1 1 1 2 2 24 1 3 1 2 3 1 2 1 2 1 3
2 2 1 24 1 2 1 2 2 1 3 1 2 2 2 1 1 1 2 2
2 2 1 1 2 1 1 1 2 1 2 1 12 3 24 2 1 2 2 2
2 1 2 1 2 3 12 1 2 1 2 1 2 1 1 2 2 1 3 1
2 2 1 12 12 2 12 1 2 3 1 1 2 1 2 1 1 1 2 12
1 12 2 6 24 3 2 3 1 2 1 1 2 24 2 1 3 2 1 3
1 2 3 1 2 3 3 2 1 1 2 3 2 3 1 6 1 2 1 2
1 2 2 2 1 2 1 3 1 3 24 3 1 2 2 1 2 1 2 2
1 2 2 1 1 2 3 12 3 3 2 6 1 3 2 1 1 3 12 2
1 12 1 24 2 2 2 1 1 1 1 2 1 3 3 2 2 1 2 2
2 1 2 1 6 2 1 12 1 2 1 3 12 2 6 2 1 3 1 1
1 2 2 24 1 2 2 1 2 1 1 2 1 2 1 2 12 2 2 24
1 2 12 3 3 1 2 3 1 1 2 2 1 2 12 1 2 1 2 1
2 1 1 1 3 1 2 2 1 12 1 3 2 2 1 2 1 1 6 2
2 1 2 2 12 2 24 1 2 1 1 3 2 12 2 12 1 2 1 6
2 1 1 2 12 6 2 1 2 1 1 3 1 2 1 12 2 1 1 2
1 2 3 1 2 12 2 2 3 2 3 1 1 2 6 1 2 1 6 1
2 3 2 2 1 1 1 3 2 1 3 1 2 2 1 1 2 2 1 2
2 1 2 2 1 3 1 2 1 1 2 1 6 2 1 2 3 2 2 12
1 2 1 24 2 12 12 12 1 1 1 2 1 2 1 2 1 2 1 2
3 1 3 1 2 2 3 12 1 24 1 2 3 1 24 2 1 2 24 1
2 1 2 2 1 2 1 3 24 1 2 2 2 1 2 1 1 6 1 12
2 3 2 6 2 2 1 1 2 2 1 2 1 2 1 1 2 2 1 2
1 2 1 1 1 2 1 1 2 2 2 1 3 12 3 24 1 1 2 1
2 1 2 2 1 1 2 1 2 1 2 3 2 2 6 6 6 3 1 1
3 3 1 2 2 2 24 2 1 6 2 1 3 1 2 2 3 3 1 12
3 1 2 1 2 3 1 24 6 1 6 1 2 1 12 2 12 2 1 1
24 2 6 1 2 2 24 6 2 2 1 2 1 2 1 6 3 1 1 24
1 2 2 1 2 1 2 1 2 3 6 1 1 2 1 3 2 2 1 3
2 24 1 2 2 2 1 3 1 2 1 1 1 12 2 12 1 2 1 2
2 2 2 24 1 1 2 2 3 1 12 1 2 1 3 1 1 2 1 2
3 2 2 24 24 1 2 1 1 2 3 1 3 1 2 1 2 2 1 2
1 1 2 2 1 1 2 2 2 2 1 1 1 1 2 3 2 1 1 2
2 2 1 2 1 2 1 1 3 2 12 1 1 2 1 2 2 2 1 1
1 2 1 12 2 1 12 2 2 1 2 2 2 1 2 24 3 1 3 6
1 2 1 2 2 1 3 1 1 12 2 1 2 1 2 1 1 2 2 3
3 1 6 1 2 2 3 1 1 2 1 2 2 1 2 2 2 1 2 1
3 2 3 1 2 1 3 1 1 1 2 1 2 6 1 2 3 6 1 2
2 2 3 12 2 1 2 1 1 2 1 3 2 2 3 12 1 6 2 1
1 1 2 1 2 1 1 2 1 6 2 1 2 2 2 2 1 1 2 2
1 2 1 1 3 2 2 3 1 1 2 1 6 12 1 1 2 1 6 2
1 3 2 2 1 2 2 1 1 1 3 2 2 2 1 2 3 2 1 24
2 1 24 2 1 2 3 1 2 1 1 2 1 2 2 3 1 1 2 2
1 1 2 1 2 1 1 2 1 2 3 1 1 2 3 2 1 1 3 2
2 2 24 1 1 3 1 2 1 3 2 2 3 2 6 1 1 2 2 3
2 1 1 2 2 1 1 3 2 1 2 2 1 1 1 2 1 1 2 1
2 1 2 2 2 1 2 2 1 2 1 3 2 1 2 12 1 12 1 1
6 1 2 3 1 2 3 24 1 3 3 12 6 2 12 12 1 2 1 2
3 1 2 3 1 12 2 1 2 1 2 1 2 1 24 2 2 2 2 6
3 1 1 1 2 1 1 6 2 3 1 24 2 3 3 2 2 6 2 1
1 1 2 1 2 1 2 2 2 1 1 2 1 3 1 2 2 1 1 1
2 1 2 2 6 2 2 1 24 2 24 1 1 2 2 1 1 2 2 1
24 2 1 2 1 2 3 6 1 2 1 3 12 2 1 3 2 1 1 1
2 1 24 1 2 1 2 2 1 2 3 1 2 6 1 2 1 1 2 1
2 2 1 2 2 3 1 2 2 3 1 2 1 1 2 6 2 1 2 1
1 2 3 1 1 12 1 2 1 2 1 2 2 1 2 2 2 1 1 2
1 2 1 1 1 2 2 3 1 1 2 12 1 2 1 24 24 24 2 2
1 1 6 3 2 2 2 2 1 2 3 12 1 2 1 1 1 2 6 24
3 2 2 3 1 3 2 1 3 1 2 1 3 2 1 1 3 24 1 2
12 2 2 1 2 1 2 1 1 1 2 2 2 24 2 3 1 1 1 6
6 1 3 2 1 2 2 2 2 24 1 1 1 2 1 12 1 2 1 2
1 12 3 24 2 1 2 12 2 2 24 1 2 2 1 2 1 6 1 1
2 24 3 2 3 12 1 2 3 2 1 1 12 1 1 2 2 2 1 2
2 1 3 24 1 3 1 24 2 1 3 2 2 1 3 3 1 2 24 3
6 1 2 1 2 2 6 2 1 1 1 1 2 24 2 1 24 1 2 1
2 2 2 1 2 1 2 1 2 1 1 1 3 2 2 2 24 1 1 1
2 2 1 2 3 2 2 1 1 1 3 2 6 1 1 2 1 2 12 1
2 2 12 1 2 2 1 3 2 2 1 3 1 1 1 2 2 1 1 3
2 2 3 1 1 2 12 1 2 3 2 1 2 12 2 3 1 1 1 3
2 12 1 2 1 2 1 2 24 2 1 2 6 1 2 1 1 24 2 12
1 2 1 2 12 2 1 1 3 2 1 2 2 1 1 3 2 24 1 2
2 1 2 1 2 2 1 2 12 1 1 2 1 1 2 1 2 1 3 2
2 2 2 1 1 1 2 1 1 6 6 2 2 2 1 6 1 12 2 1
3 3 2 1 3 2 1 2 1 2 3 1 2 3 1 2 1 3 2 1
1 2 1 2 1 2 1 2 2 2 12 1 2 1 1 1 2 2 24 2
2 1 2 1 12 2 1 3 1 3 3 2 1 2 12 1 3 2 2 1
2 3 1 3 2 1 2 1 1 2 1 24 2 2 1 1 1 3 1 2
1 6 2 1 2 2 2 24 1 2 1 2 1 1 2 6 1 1 6 24
2 2 12 1 2 2 1 1 6 1 2 2 6 2 2 1 2 1 2 1
6 2 1 2 1 24 24 1 2 2 1 1 2 2 1 2 1 1 24 1
1 2 2 2 1 1 1 2 1 2 2 1 24 6 2 2 1 1 1 2
2 12 2 1 24 2 2 1 2 1 1 1 2 2 2 1 1 1 2 2
2 1 1 1 1 2 2 2 3 2 1 2 1 2 1 2 1 2 1 3
1 1 2 3 2 1 1 1 6 3 2 2 2 3 1 2 1 2 1 6
1 2 1 2 1 2 2 12 3 1 3 1 2 2 6 1 1 6 1 3
12 2 2 1 1 2 2 2 1 1 1 2 2 3 1 1 2 1 2 1
24 2 2 1 1 2 1 2 2 1 2 1 2 2 1 12 1 2 1 2
3 2 2 1 2 1 2 1 1 1 1 2 3 2 2 1 1 1 2 6
1 2 1 24 2 2 3 1 2 2 2 1 1 2 2 1 1 2 1 1
1 2 2 2 2 1 1 2 2 1 24 12 1 2 1 1 1 2 1 24
2 3 6 6 2 3 1 12 1 3 12 6 2 1 12 24 2 3 1 3
2 2 2 1 1 1 2 2 1 1 2 2 1 1 2 1 2 1 2 3
3 3 1 3 2 1 3 2 2 1 2 2 2 1 2 1 2 1 1 2
2 1 3 1 1 1 2 3 3 1 2 1 2 2 1 2 3 1 2 1
1 2 2 3 1 2 12 6 2 1 3 3 1 1 2 2 2 1 2 3
1 2 1 24 2 1 1 2 2 1 1 2 2 1 2 3 2 1 2 1
2 1 2 1 1 1 1 3 2 1 24 12 2 1 2 2 1 1 2 2
24 2 2 24 1 2 3 1 2 1 2 1 2 1 1 1 2 1 1 2
2 1 1 2 1 6 2 1 2 2 1 1 2 2 1 1 2 2 2 2
3 1 2 1 1 1 2 2 1 3 2 3 2 1 2 1 3 1 1 1
3 2 24 1 6 2 1 2 3 1 2 2 12 2 1 1 2 2 1 3
1 24 1 2 1 12 24 2 3 2 2 2 1 2 3 1 2 1 1 2
24 6 1 2 24 2 1 6 2 1 1 1 24 3 1 2 1 2 12 1
2 2 2 1 2 2 1 3 1 2 2 1 3 1 2 1 1 1 3 2
6 2 3 6 1 12 1 2 2 2 3 1 1 3 1 2 1 2 2 2
1 2 2 1 12 2 1 2 24 1 2 12 1 1 3 1 2 1 3 2
1 1 2 3 2 1 2 1 2 1 1 2 2 1 6 1 3 2 1 2
2 2 1 1 2 24 1 1 3 24 2 2 1 2 2 1 2 24 6 3
2 3 1 12 1 12 1 1 3 2 3 2 2 2 3 3 1 12 2 1
2 3 1 1 2 1 24 2 2 6 1 1 24 6 2 3 24 1 12 1
2 1 1 2 24 1 2 3 2 1 1 2 2 1 3 2 3 2 24 2
1 1 2 3 2 1 2 1 1 2 1 3 2 2 1 1 12 2 1 1
2 1 2 1 3 24 1 2 1 2 2 24 3 2 1 1 1 3 2 2
2 2 1 1 1 3 3 3 2 3 1 1 2 2 3 1 2 12 24 1
6 2 6 2 3 2 1 2 1 1 2 3 1 1 3 1 2 2 1 1
2 6 2 2 6 1 2 2 1 2 1 1 1 2 2 24 2 1 3 2
1 2 1 12 1 1 2 3 2 1 2 2 1 12 2 1 3 1 1 2
6 2 3 1 2 2 1 2 12 1 1 2 1 2 3 1 1 1 2 1
2 1 24 2 1 2 2 3 3 3 1 1 2 1 2 2 3 2 2 1
2 1 3 1 1 2 2 2 3 1 24 2 1 3 2 1 1 2 3 1
2 1 2 2 1 1 2 2 1 1 2 2 1 1 1 1 2 2 1 2
2 1 2 1 1 2 2 1 1 1 2 6 1 3 12 3 2 2 1 3
3 2 2 2 1 2 1 1 24 1 1 2 2 2 2 12 3 24 1 1
1 24 1 2 1 3 2 2 1 2 2 24 1 2 2 1 2 1 1 1
1 2 1 2 1 2 2 1 2 2 2 1 1 2 1 1 1 2 2 2
3 2 1 2 12 1 1 2 2 1 2 1 1 2 2 1 1 1 1 2
1 2 2 24 1 1 2 3 6 2 1 2 2 2 12 1 1 1 1 2
1 2 3 1 2 1 2 3 2 6 2 24 2 1 3 1 2 1 3 3
1 2 1 2 1 1 2 1 2 2 2 1 1 1 6 2 1 2 1 2
12 1 2 1 2 2 2 2 12 1 2 1 12 1 6 3 2 1 2 1
2 1 1 1 2 6 12 1 2 1 2 3 1 2 2 2 1 1 3 1
2 3 24 12 2 3 2 2 6 24 1 1 1 2 24 2 1 2 2 1
1 1 1 2 2 1 1 2 2 3 1 2 1 2 2 2 1 2 1 1
1 3 1 2 1 24 24 2 2 2 1 2 2 1 2 1 1 2 2 1
3 2 1 2 1 2 3 1 2 1 1 2 1 1 1 2 24 2 2 3
1 3 1 1 2 1 2 2 1 24 1 2 2 1 1 2 2 3 3 1
3 1 2 1 2 2 1 2 1 2 2 1 1 2 1 1 2 1 12 6
6 2 1 2 2 1 3 2 3 3 1 2 1 12 3 24 1 2 1 2
2 1 1 2 1 2 1 2 1 24 2 2 3 24 1 1 2 1 2 1
2 1 3 2 3 1 2 1 3 2 2 2 12 12 1 1 2 1 1 6
2 3 1 2 2 1 1 2 1 2 1 2 3 3 3 2 1 2 2 3
12 12 1 3 1 24 2 1 24 2 2 2 6 1 2 1 2 1 2 1
1 2 1 2 3 12 2 1 3 1 1 2 6 2 2 3 1 1 2 2
1 2 1 1 1 2 1 2 2 1 3 1 1 12 2 3 2 2 1 1
1 2 2 6 2 12 2 1 3 2 1 2 1 2 1 2 1 2 1 2
1 1 2 1 1 2 1 1 2 1 2 2 2 1 2 1 3 2 1 2
2 1 2 1 2 1 1 2 2 1 2 1 2 1 1 1 1 3 2 1
24 6 2 3 3 3 2 2 2 1 1 1 2 1 2 6 24 3 2 1
1 2 2 2 1 1 2 3 1 2 1 1 1 2 24 1 2 1 3 2
1 3 2 1 2 2 2 24 1 2 1 1 1 2 12 3 1 6 2 1
2 2 1 2 1 2 1 1 2 1 2 1 2 2 2 2 3 1 1 1
2 2 2 1 1 1 2 3 1 2 2 1 2 2 1 1 1 3 1 2
12 3 1 2 2 2 1 2 2 1 3 2 1 2 1 2 1 6 2 3
1 1 6 2 1 2 1 3 2 2 1 2 12 1 2 1 24 2 1 1
1 12 1 2 1 2 2 1 24 2 2 1 6 1 1 2 2 1 2 1
1 24 2 1 2 12 2 1 2 3 1 1 2 24 1 2 1 3 2 12
2 1 1 2 2 2 2 1 1 1 2 24 2 12 2 1 1 2 2 1
2 3 1 3 1 1 1 2 1 2 3 3 2 2 2 1 3 1 2 1
12 1 2 1 1 2 1 12 2 3 2 2 1 1 3 6 1 2 1 2
1 6 2 1 2 2 2 1 1 2 6 1 1 24 2 1 2 2 1 3
2 2 1 1 6 1 2 2 24 1 2 2 2 1 2 1 2 1 2 1
1 1 2 2 2 24 1 2 1 12 1 2 1 1 1 2 1 2 1 2
2 1 6 2 2 2 1 2 1 2 1 2 3 1 1 2 1 1 2 3
1 3 2 1 1 3 2 2 2 2 1 1 1 3 3 2 12 1 2 2
1 2 1 1 1 2 3 1 2 1 2 12 1 2 3 1 2 24 2 1
3 6 1 3 2 12 1 2 1 2 2 1 2 1 1 2 1 2 2 1
12 3 24 2 1 3 1 2 2 1 2 2 2 1 2 1 1 1 2 12
3 2 3 2 1 2 3 1 6 1 2 1 1 6 2 1 1 2 1 2
2 2 1 2 1 2 1 1 2 2 2 1 3 12 6 1 2 3 1 6
1 12 1 2 2 2 1 2 2 1 3 2 1 2 3 1 1 24 2 1
2 1 3 1 2 12 1 2 2 3 1 2 2 1 1 2 2 1 3 2
6 1 12 2 1 1 3 1 2 2 2 1 1 2 2 1 24 2 24 1
1 1 6 6 2 1 1 2 3 2 12 2 1 1 2 1 3 6 3 2
2 3 1 3 3 2 2 1 1 1 2 2 2 1 2 1 24 2 1 1
3 1 3 24 1 2 2 1 3 3 2 2 2 1 3 2 1 1 2 2
1 6 1 2 6 2 1 6 1 1 1 12 2 1 6 2 2 1 2 2
3 1 6 1 12 2 1 2 3 1 1 2 2 2 2 1 1 1 1 3
2 2 3 2 2 1 1 1 2 2 2 1 1 2 1 1 1 2 1 2
1 2 2 3 6 1 2 2 1 1 1 2 2 1 12 1 2 1 24 3
6 2 1 2 2 1 2 1 2 1 2 1 3 2 2 1 1 3 2 2
1 1 2 2 12 2 1 1 2 1 2 1 2 3 2 1 12 1 2 24
1 2 2 1 2 1 1 12 12 2 3 1 2 2 1 1 2 1 1 1
2 1 2 2 2 2 1 1 1 2 2 2 1 2 1 1 2 2 1 1
6 1 1 2 2 1 2 24 1 1 2 1 6 6 2 3 2 1 1 3
2 12 2 1 2 1 1 2 1 2 2 6 1 2 1 1 2 2 3 2
2 1 2 1 2 1 3 2 1 6 3 3 2 1 12 1 2 3 1 2
1 2 2 1 2 3 1 2 1 1 1 3 2 2 2 1 2 1 3 3
1 2 2 1 2 1 1 1 1 2 1 2 1 2 1 2 2 2 2 1
1 2 12 1 1 2 2 2 1 3 1 1 3 1 2 1 2 24 3 2
2 2 1 1 1 1 2 2 6 2 2 1 2 1 2 1 1 2 1 2
1 2 2 3 3 6 1 2 1 1 1 2 2 2 1 2 1 2 1 3
1 12 2 12 12 2 1 3 1 2 2 1 1 2 2 1 3 3 1 1
3 1 2 1 2 3 2 1 2 3 2 1 1 2 2 6 2 3 12 1
2 24 1 1 1 1 2 1 2 3 2 1 1 2 1 3 2 1 3 6
2 1 2 2 2 1 1 2 12 12 2 2 1 2 1 1 24 6 2 2
1 2 1 1 2 3 6 2 6 1 1 3 1 1 2 1 6 24 2 3
2 1 2 2 2 3 1 3 1 1 1 2 3 1 2 2 2 1 2 1
1 1 2 1 2 6 1 3 2 2 1 1 3 2 1 2 1 2 1 3
12 2 2 1 3 1 2 6 1 2 3 1 2 2 24 1 1 3 2 1
2 2 1 2 1 2 3 1 1 3 2 2 3 1 12 3 1 12 2 2
12 2 2 3 1 2 1 1 1 1 3 2 1 2 6 1 12 2 1 3
2 2 2 2 1 12 2 1 2 3 1 1 1 2 2 2 1 2 3 1
24 2 1 12 1 1 3 1 2 2 1 1 2 1 2 2 1 2 2 2
1 6 6 1 1 2 2 1 2 1 1 2 6 1 1 2 2 2 2 1
1 1 1 6 2 2 12 6 1 2 12 1 1 2 12 2 6 2 3 2
1 2 1 2 1 1 3 1 3 1 2 1 3 2 1 2 1 2 3 6
1 2 2 2 2 3 1 1 1 1 2 2 2 3 1 1 2 12 1 3
3 1 6 2 2 2 2 1 2 3 1 3 1 2 1 2 24 1 2 1
2 1 2 2 1 1 24 2 2 1 3 2 1 1 2 1 2 2 1 2
1 2 3 12 1 1 3 2 1 1 1 2 1 2 1 3 12 3 2 1
2 1 2 1 2 12 1 2 2 2 1 6 1 2 2 1 2 2 1 2
3 1 1 2 1 1 3 2 1 1 6 12 2 2 1 2 1 1 3 2
1 2 2 1 24 2 1 2 1 24 2 1 3 1 2 1 2 1 2 1
3 2 1 2 1 2 2 2 2 1 2 1 1 6 2 1 2 1 2 2
1 2 1 1 1 2 1 2 1 3 2 3 1 3 2 1 1 2 3 2
1 2 1 2 1 1 6 2 1 2 1 2 2 1 1 2 2 2 1 2
2 1 1 1 1 2 2 2 1 1 1 6 2 3 1 2 1 24 2 12
1 2 1 2 1 2 12 2 1 1 2 1 12 2 2 2 1 2 1 2
2 3 1 2 1 24 3 1 2 1 1 2 2 3 2 12 1 3 1 2
1 12 2 1 3 2 2 1 2 3 1 1 1 3 2 2 1 1 6 2
1 1 2 1 3 24 2 2 1 2 1 3 1 2 2 2 1 12 1 1
2 3 2 1 3 2 3 1 3 1 24 2 1 2 2 12 1 1 2 2
1 1 2 1 2 12 2 24 1 1 2 1 2 2 2 2 1 2 24 1
1 1 1 2 1 2 3 1 2 2 2 6 1 2 1 1 1 12 6 2
2 1 2 2 3 1 2 1 3 24 1 1 2 1 2 1 2 2 1 2
2 2 1 1 1 6 3 24 2 3 6 2 2 6 1 2 1 24 3 1
1 1 2 1 2 2 3 2 1 12 2 2 12 1 1 1 2 3 2 3
2 1 2 24 1 12 6 1 2 1 2 1 1 6 1 2 2 2 2 1
2 1 2 1 1 2 1 1 1 2 12 2 2 1 2 2 3 1 1 1
1 2 2 1 1 2 1 2 2 1 6 6 2 1 1 2 24 24 12 2
1 2 3 1 2 2 24 6 3 1 2 1 1 1 24 2 1 2 2 2
3 1 24 2 1 1 1 2 3 6 1 3 2 1 2 2 6 24 2 3
1 2 1 3 1 2 1 1 2 1 2 2 1 2 1 2 2 24 2 1
2 1 2 1 1 1 1 24 2 1 2 3 2 2 1 3 2 1 2 24
2 6 1 1 2 1 2 1 1 1 6 2 2 1 1 2 1 2 1 2
2 2 3 1 3 1 1 2 1 24 2 2 1 3 2 1 2 1 2 2
1 2 1 2 2 1 2 1 1 6 2 2 1 1 1 2 1 3 2 3
3 2 12 2 1 1 2 2 1 3 3 1 2 2 3 3 1 1 1 2
6 24 2 1 1 24 1 2 2 2 1 2 2 1 1 1 1 2 1 6
2 3 2 1 2 1 2 1 2 24 2 1 2 2 1 3 1 2 1 2
2 1 2 1 2 12 1 1 2 2 1 1 1 3 2 1 24 2 1 1
2 2 12 1 2 2 2 1 1 2 1 1 1 2 24 12 1 2 1 2
1 2 12 2 1 12 2 2 2 1 2 1 1 2 2 3 1 24 2 1
3 1 1 1 2 1 3 2 2 1 1 6 2 6 1 12 2 1 6 24
12 2 3 3 1 2 6 2 1 2 2 2 1 1 2 2 1 2 6 1
2 3 1 2 1 1 1 1 2 2 1 2 2 2 1 1 1 2 12 1
1 2 24 2 2 1 2 1 24 3 3 1 2 3 2 6 1 1 12 3
1 2 6 1 2 1 2 2 3 2 3 2 1 1 2 2 24 1 24 1
2 12 1 1 2 24 12 1 2 1 1 2 2 1 6 2 2 2 1 1
2 12 12 1 2 3 1 2 24 1 2 24 1 12 1 2 2 1 1 1
3 2 1 2 2 1 3 2 2 2 3 1 1 12 24 24 1 2 3 2
1 2 2 1 2 1 3 1 24 2 1 2 2 1 1 2 2 1 2 1
2 1 3 2 6 1 2 1 2 1 2 1 6 3 2 1 2 1 1 6
1 24 24 2 1 1 2 1 2 3 2 1 6 2 1 2 6 2 1 3
2 1 2 1 1 2 2 1 3 1 1 3 2 3 1 2 2 1 3 3
1 2 2 1 2 1 2 2 1 2 2 1 1 6 2 1 1 3 1 2
2 2 1 2 1 1 2 2 12 2 3 1 2 1 2 1 1 3 6 1
1 2 3 1 2 2 2 1 1 1 2 1 2 24 1 2 1 2 2 2
2 1 2 1 2 1 2 24 1 1 1 2 1 1 3 3 2 1 2 1
2 2 1 1 2 2 1 1 2 24 24 2 3 1 2 1 6 1 12 2
2 2 1 12 1 2 1 1 2 2 12 2 24 2 3 1 24 1 2 1
1 3 3 3 2 1 2 1 3 2 3 2 2 24 1 2 1 1 2 2
1 2 1 2 1 1 2 2 3 1 1 2 1 1 1 2 1 12 2 1
2 1 2 1 2 1 24 2 1 2 2 2 3 1 1 12 1 2 1 2
1 2 12 2 2 6 3 1 1 1 2 24 12 2 1 2 2 2 1 1
1 1 12 2 2 24 1 2 3 3 24 2 3 1 3 2 12 3 1 3
1 2 1 12 1 2 1 2 2 1 6 1 2 24 2 1 1 6 2 2
1 2 3 2 3 1 2 1 3 2 24 12 2 3 1 2 24 6 1 12
1 2 2 12 1 1 1 24 6 3 2 2 1 2 1 12 3 1 2 2
2 1 1 3 2 2 1 1 1 1 2 2 3 1 1 12 3 2 1 2
2 1 1 2 2 1 1 2 1 2 24 2 2 2 1 2 6 1 1 1
1 2 2 2 2 1 1 1 2 1 3 1 2 1 2 1 2 1 12 3
3 2 3 2 1 2 2 1 6 1 2 1 12 2 2 1 1 1 2 2
2 6 2 3 1 2 1 1 1 1 2 2 1 1 2 1 2 1 6 3
2 1 2 1 6 12 2 6 3 1 3 2 1 2 12 3 2 2 2 1
2 1 1 3 3 2 1 3 2 2 1 2 1 2 1 1 1 3 2 2
2 1 1 1 1 2 24 2 1 2 2 2 12 1 1 2 1 2 1 2
2 1 3 1 2 24 1 2 2 1 1 3 1 1 2 1 6 2 3 1
2 2 6 1 1 2 1 2 1 2 1 2 1 2 1 2 6 1 2 12
12 1 2 2 1 2 1 2 1 1 2 1 2 3 2 1 1 2 1 2
2 2 1 1 12 1 2 1 3 2 1 2 2 2 3 3 1 2 12 1
1 3 2 1 2 2 2 1 3 2 1 2 1 2 1 2 3 1 12 1
12 1 24 1 24 2 6 1 2 1 2 2 3 3 2 3 1 1 3 1
6 3 2 1 6 2 24 1 2 6 2 1 2 24 1 3 3 2 1 1
2 3 1 2 24 2 1 2 2 2 1 1 1 2 3 1 6 1 2 1
2 1 2 2 2 1 3 1 24 3 2 3 1 1 2 1 2 1 12 2
2 1 3 1 2 1 3 2 1 2 3 1 2 24 1 2 1 2 2 3
1 6 2 3 1 2 1 1 2 24 3 2 1 2 1 2 1 1 2 2
2 2 1 1 24 1 1 2 24 1 2 3 2 1 2 1 6 2 1 2
1 12 3 2 1 1 2 1 3 2 2 1 2 2 2 1 6 2 1 1
2 1 3 2 2 1 2 6 1 2 1 24 2 1 12 2 1 2 1 1
2 1 2 2 1 1 24 2 2 1 1 1 3 1 12 24 2 1 2 1
2 2 1 1 2 2 1 2 1 1 2 2 3 1 2 2 1 2 2 1
2 1 1 2 2 3 1 1 1 24 3 1 2 1 2 3 1 3 2 24
2 6 2 3 2 1 2 1 2 1 1 3 3 2 1 2 2 1 2 1
1 1 3 3 2 1 1 2 2 2 2 1 2 1 1 2 2 1 3 1
1 12 12 2 1 1 2 2 2 24 2 1 1 2 2 24 1 1 2 12
1 1 1 2 1 2 2 3 2 24 2 1 2 1 2 1 12 1 2 1
1 2 1 6 1 2 1 3 2 2 3 24 1 1 2 1 2 24 1 6
2 1 2 1 2 2 2 3 12 2 1 2 1 12 1 2 1 2 2 1
1 2 1 1 1 3 3 3 2 3 2 12 1 1 2 1 2 3 1 2
6 1 2 2 1 2 1 1 2 2 1 2 2 1 2 3 2 1 1 24
1 2 3 1 2 2 2 3 1 1 2 6 2 1 2 6 1 3 1 2
1 1 1 2 1 2 2 2 2 1 1 1 3 1 2 3 1 2 1 2